Exact values behind all heatmap panels in paper.tex
=====================================================

CSV files retain up to 17 significant digits. Values below are shown
to 8 decimal places for readability.

The topic-persona panels are normalized exactly as in src/generate_figures.py:
each persona column sums to 1 over the ten displayed/labeled topics.

Qwen3-VL — Main-paper topic-persona heatmap
artifact: qwen-vl__topic_persona_proportion.csv
metric: within-profile topic proportion, renormalized over displayed topics
shape: 10 x 24
range: 0.018922852983988356 to 0.26255380200860834

persona                     F/High/Cons/Anal  F/High/Cons/Empa  F/High/Cons/Prag  F/High/Prog/Anal  F/High/Prog/Empa  F/High/Prog/Prag  F/Low /Cons/Anal  F/Low /Cons/Empa  F/Low /Cons/Prag  F/Low /Prog/Anal  F/Low /Prog/Empa  F/Low /Prog/Prag  M/High/Cons/Anal  M/High/Cons/Empa  M/High/Cons/Prag  M/High/Prog/Anal  M/High/Prog/Empa  M/High/Prog/Prag  M/Low /Cons/Anal  M/Low /Cons/Empa  M/Low /Cons/Prag  M/Low /Prog/Anal  M/Low /Prog/Empa  M/Low /Prog/Prag
topic                                                                                                                                                                                                                                                                                                                                                                                                                                                                     
Natural landscape & beauty        0.20334262        0.21891892        0.20607662        0.22254758        0.23611111        0.21693908        0.17397454        0.16180758        0.10810811        0.18496241        0.23144105        0.18768769        0.17534247        0.19464034        0.18792867        0.20184900        0.26255380        0.20605187        0.16430595        0.17216643        0.08895265        0.19111111        0.21625544        0.17824773
Work & development                0.13788301        0.13918919        0.12945839        0.14494876        0.13888889        0.14115899        0.12871287        0.14577259        0.13798009        0.14887218        0.14556041        0.14864865        0.13561644        0.14245416        0.13031550        0.15408320        0.13773314        0.14265130        0.13456091        0.14203730        0.15351506        0.14518519        0.13933237        0.15558912
Accident & police response        0.12256267        0.12432432        0.12945839        0.12152269        0.11805556        0.10995542        0.13578501        0.14577259        0.14509246        0.13984962        0.14556041        0.14564565        0.12602740        0.11706629        0.12894376        0.11402157        0.10329986        0.10230548        0.14305949        0.14347202        0.14203730        0.12888889        0.13207547        0.14350453
Rural & quiet road                0.13927577        0.13108108        0.13210040        0.08345534        0.13055556        0.10401189        0.13861386        0.13848397        0.14366999        0.12330827        0.11353712        0.11861862        0.13561644        0.14386460        0.13305898        0.07704160        0.09182209        0.11383285        0.14305949        0.13773314        0.13629842        0.13185185        0.12336720        0.13444109
Historical & preserved            0.06963788        0.07162162        0.06605020        0.07320644        0.07083333        0.07429421        0.07072136        0.07288630        0.07112376        0.07218045        0.06841339        0.07507508        0.06986301        0.07052186        0.06995885        0.07704160        0.07317073        0.07204611        0.07082153        0.07173601        0.07030129        0.07259259        0.07256894        0.07401813
Destruction & conflict            0.06963788        0.06756757        0.06605020        0.07174231        0.06944444        0.07429421        0.07072136        0.07142857        0.06685633        0.07819549        0.07569141        0.07507508        0.06575342        0.07052186        0.06995885        0.07704160        0.07173601        0.07204611        0.07082153        0.07173601        0.06312769        0.07407407        0.07111756        0.07250755
Streets & orderly urban           0.07381616        0.07162162        0.07133421        0.07320644        0.05833333        0.06835067        0.08910891        0.07725948        0.05405405        0.07518797        0.07132460        0.04204204        0.07534247        0.06770099        0.07544582        0.07704160        0.07030129        0.07204611        0.08073654        0.07890961        0.07173601        0.06222222        0.07402032        0.05589124
City & nature                     0.06267409        0.06351351        0.06605020        0.07467057        0.06388889        0.07132244        0.06789250        0.06413994        0.06685633        0.07218045        0.06404658        0.06306306        0.06986301        0.06629055        0.06584362        0.07858243        0.07460545        0.07060519        0.06232295        0.06743185        0.06743185        0.07703704        0.06821480        0.07099698
Home & peaceful scene             0.05710306        0.06621622        0.04755614        0.07027818        0.06388889        0.07429421        0.06647808        0.06997085        0.06543385        0.07368421        0.06550218        0.06456456        0.06438356        0.06488011        0.06858711        0.07550077        0.07030129        0.07060519        0.06373938        0.06312769        0.06599713        0.07259259        0.06240929        0.05891239
Typical urban scene               0.06406685        0.04594595        0.08586526        0.06442167        0.05000000        0.06537890        0.05799151        0.05247813        0.14082504        0.03157895        0.01892285        0.07957958        0.08219178        0.06205924        0.06995885        0.06779661        0.04447633        0.07780980        0.06657224        0.05164993        0.14060258        0.04444444        0.04063861        0.05589124

Qwen3-VL — Appendix Figure A1
artifact: qwen-vl__caption_similarity.csv
metric: mean image-conditioned cosine similarity
shape: 24 x 24
range: 0.8531072735786438 to 0.8976524066925049

column_persona    F/High/Cons/Anal  F/High/Cons/Empa  F/High/Cons/Prag  F/High/Prog/Anal  F/High/Prog/Empa  F/High/Prog/Prag  F/Low /Cons/Anal  F/Low /Cons/Empa  F/Low /Cons/Prag  F/Low /Prog/Anal  F/Low /Prog/Empa  F/Low /Prog/Prag  M/High/Cons/Anal  M/High/Cons/Empa  M/High/Cons/Prag  M/High/Prog/Anal  M/High/Prog/Empa  M/High/Prog/Prag  M/Low /Cons/Anal  M/Low /Cons/Empa  M/Low /Cons/Prag  M/Low /Prog/Anal  M/Low /Prog/Empa  M/Low /Prog/Prag
row_persona                                                                                                                                                                                                                                                                                                                                                                                                                                                     
F/High/Cons/Anal        0.88709711        0.87671691        0.88150728        0.87210166        0.86568207        0.86906815        0.86875504        0.86885947        0.86881810        0.86653292        0.86331856        0.86230326        0.88247943        0.87145293        0.87861043        0.86940199        0.86316597        0.86682355        0.86886269        0.86879379        0.86764085        0.86329836        0.86044085        0.86104822
F/High/Cons/Empa        0.87671691        0.89191900        0.88543785        0.87383902        0.87402529        0.87774730        0.87100083        0.87775993        0.87437785        0.86662024        0.87143344        0.86543548        0.87829179        0.88081479        0.88138551        0.87069011        0.86999017        0.87099653        0.87180930        0.87970161        0.86956704        0.86695653        0.86720777        0.86390769
F/High/Cons/Prag        0.88150728        0.88543785        0.89290844        0.87254167        0.87182391        0.87652093        0.87229401        0.87761617        0.87632060        0.86958957        0.87202352        0.86997110        0.87944967        0.87907088        0.88395548        0.86945724        0.86721712        0.87249166        0.87269843        0.87722850        0.87121636        0.86815202        0.86857337        0.86683154
F/High/Prog/Anal        0.87210166        0.87383902        0.87254167        0.88939285        0.87604225        0.87958288        0.85906339        0.86251229        0.86076635        0.87041008        0.86750275        0.86484957        0.87721723        0.87187195        0.87614959        0.88324445        0.87212348        0.87498003        0.86222959        0.86372262        0.85937047        0.86845666        0.86706263        0.86539245
F/High/Prog/Empa        0.86568207        0.87402529        0.87182391        0.87604225        0.89388522        0.88529921        0.85894150        0.86638969        0.86367780        0.86695993        0.87036324        0.86525017        0.86958277        0.88188195        0.86734444        0.87913442        0.88240820        0.88257867        0.86152560        0.86840194        0.86100960        0.86756575        0.87492454        0.86444581
F/High/Prog/Prag        0.86906815        0.87774730        0.87652093        0.87958288        0.88529921        0.89225652        0.85863805        0.86576545        0.86273199        0.86749649        0.86811173        0.86442536        0.87403703        0.88298368        0.87484068        0.88243622        0.88400185        0.88812333        0.86140734        0.86721200        0.86061233        0.86771309        0.87120974        0.86362237
F/Low /Cons/Anal        0.86875504        0.87100083        0.87229401        0.85906339        0.85894150        0.85863805        0.89151652        0.88521612        0.88909316        0.87629247        0.87535512        0.87724948        0.86516273        0.86473626        0.86877006        0.85458547        0.85310727        0.85535449        0.88556623        0.88252199        0.88216174        0.87542307        0.86917096        0.87409079
F/Low /Cons/Empa        0.86885947        0.87775993        0.87761617        0.86251229        0.86638969        0.86576545        0.88521612        0.89656236        0.89029825        0.87548101        0.88304168        0.88085383        0.86656219        0.87150741        0.87337375        0.85897899        0.85902482        0.86149842        0.88305146        0.89045435        0.88250595        0.87624437        0.87690413        0.87564772
F/Low /Cons/Prag        0.86881810        0.87437785        0.87632060        0.86076635        0.86367780        0.86273199        0.88909316        0.89029825        0.89750442        0.87831682        0.88177729        0.88265616        0.86598831        0.86873209        0.87197906        0.85654503        0.85785693        0.85975975        0.88931876        0.88838255        0.88965052        0.87849694        0.87507296        0.87930948
F/Low /Prog/Anal        0.86653292        0.86662024        0.86958957        0.87041008        0.86695993        0.86749649        0.87629247        0.87548101        0.87831682        0.89127113        0.88161522        0.88562202        0.86856401        0.86398035        0.86952811        0.86649615        0.86370283        0.86610776        0.87859476        0.87517279        0.87454253        0.88719070        0.87883466        0.88392305
F/Low /Prog/Empa        0.86331856        0.87143344        0.87202352        0.86750275        0.87036324        0.86811173        0.87535512        0.88304168        0.88177729        0.88161522        0.89120966        0.88492537        0.86329597        0.86790550        0.87097651        0.86497915        0.86503959        0.86492133        0.87821656        0.88211989        0.87571722        0.88005918        0.88473153        0.87929094
F/Low /Prog/Prag        0.86230326        0.86543548        0.86997110        0.86484957        0.86525017        0.86442536        0.87724948        0.88085383        0.88265616        0.88562202        0.88492537        0.89280663        0.86232895        0.86360520        0.86695886        0.86014831        0.85872924        0.86182493        0.87916297        0.87764686        0.87767845        0.88581133        0.88183314        0.88668925
M/High/Cons/Anal        0.88247943        0.87829179        0.87944967        0.87721723        0.86958277        0.87403703        0.86516273        0.86656219        0.86598831        0.86856401        0.86329597        0.86232895        0.89098949        0.87403214        0.88335085        0.87573183        0.86939889        0.87187928        0.86820549        0.86910713        0.86590362        0.86651832        0.86307889        0.86296570
M/High/Cons/Empa        0.87145293        0.88081479        0.87907088        0.87187195        0.88188195        0.88298368        0.86473626        0.87150741        0.86873209        0.86398035        0.86790550        0.86360520        0.87403214        0.89625642        0.87640816        0.87517321        0.87783104        0.88105655        0.86693954        0.87586868        0.86700058        0.86557913        0.86934710        0.86281043
M/High/Cons/Prag        0.87861043        0.88138551        0.88395548        0.87614959        0.86734444        0.87484068        0.86877006        0.87337375        0.87197906        0.86952811        0.87097651        0.86695886        0.88335085        0.87640816        0.89298321        0.87448287        0.86767530        0.87208998        0.87286437        0.87700957        0.87060386        0.86884207        0.86818731        0.86641431
M/High/Prog/Anal        0.86940199        0.87069011        0.86945724        0.88324445        0.87913442        0.88243622        0.85458547        0.85897899        0.85654503        0.86649615        0.86497915        0.86014831        0.87573183        0.87517321        0.87448287        0.88847303        0.87928355        0.88196909        0.85914910        0.86241263        0.85662442        0.86606658        0.86802161        0.86178160
M/High/Prog/Empa        0.86316597        0.86999017        0.86721712        0.87212348        0.88240820        0.88400185        0.85310727        0.85902482        0.85785693        0.86370283        0.86503959        0.85872924        0.86939889        0.87783104        0.86767530        0.87928355        0.89329035        0.88734907        0.85641706        0.86286157        0.85539418        0.86202312        0.86822784        0.85951853
M/High/Prog/Prag        0.86682355        0.87099653        0.87249166        0.87498003        0.88257867        0.88812333        0.85535449        0.86149842        0.85975975        0.86610776        0.86492133        0.86182493        0.87187928        0.88105655        0.87208998        0.88196909        0.88734907        0.89497847        0.85865980        0.86407465        0.85887170        0.86419332        0.86955231        0.86244529
M/Low /Cons/Anal        0.86886269        0.87180930        0.87269843        0.86222959        0.86152560        0.86140734        0.88556623        0.88305146        0.88931876        0.87859476        0.87821656        0.87916297        0.86820549        0.86693954        0.87286437        0.85914910        0.85641706        0.85865980        0.89479805        0.88747424        0.88792443        0.88218641        0.87336731        0.87892425
M/Low /Cons/Empa        0.86879379        0.87970161        0.87722850        0.86372262        0.86840194        0.86721200        0.88252199        0.89045435        0.88838255        0.87517279        0.88211989        0.87764686        0.86910713        0.87586868        0.87700957        0.86241263        0.86286157        0.86407465        0.88747424        0.89765241        0.88531214        0.87873721        0.87753540        0.87774312
M/Low /Cons/Prag        0.86764085        0.86956704        0.87121636        0.85937047        0.86100960        0.86061233        0.88216174        0.88250595        0.88965052        0.87454253        0.87571722        0.87767845        0.86590362        0.86700058        0.87060386        0.85662442        0.85539418        0.85887170        0.88792443        0.88531214        0.89248282        0.87706429        0.87174082        0.87692893
M/Low /Prog/Anal        0.86329836        0.86695653        0.86815202        0.86845666        0.86756575        0.86771309        0.87542307        0.87624437        0.87849694        0.88719070        0.88005918        0.88581133        0.86651832        0.86557913        0.86884207        0.86606658        0.86202312        0.86419332        0.88218641        0.87873721        0.87706429        0.89584969        0.88142169        0.88703215
M/Low /Prog/Empa        0.86044085        0.86720777        0.86857337        0.86706263        0.87492454        0.87120974        0.86917096        0.87690413        0.87507296        0.87883466        0.88473153        0.88183314        0.86307889        0.86934710        0.86818731        0.86802161        0.86822784        0.86955231        0.87336731        0.87753540        0.87174082        0.88142169        0.88953107        0.88093591
M/Low /Prog/Prag        0.86104822        0.86390769        0.86683154        0.86539245        0.86444581        0.86362237        0.87409079        0.87564772        0.87930948        0.88392305        0.87929094        0.88668925        0.86296570        0.86281043        0.86641431        0.86178160        0.85951853        0.86244529        0.87892425        0.87774312        0.87692893        0.88703215        0.88093591        0.89238837

Qwen3-VL — Appendix Figure A2
artifact: qwen-vl__justification_similarity.csv
metric: mean image-conditioned cosine similarity
shape: 24 x 24
range: 0.43630200624465942 to 0.70097896933555603

column_persona    F/High/Cons/Anal  F/High/Cons/Empa  F/High/Cons/Prag  F/High/Prog/Anal  F/High/Prog/Empa  F/High/Prog/Prag  F/Low /Cons/Anal  F/Low /Cons/Empa  F/Low /Cons/Prag  F/Low /Prog/Anal  F/Low /Prog/Empa  F/Low /Prog/Prag  M/High/Cons/Anal  M/High/Cons/Empa  M/High/Cons/Prag  M/High/Prog/Anal  M/High/Prog/Empa  M/High/Prog/Prag  M/Low /Cons/Anal  M/Low /Cons/Empa  M/Low /Cons/Prag  M/Low /Prog/Anal  M/Low /Prog/Empa  M/Low /Prog/Prag
row_persona                                                                                                                                                                                                                                                                                                                                                                                                                                                     
F/High/Cons/Anal        0.65662583        0.60654753        0.61971229        0.60025126        0.56570834        0.60259873        0.57312262        0.52334577        0.48999020        0.52739406        0.51715541        0.51501608        0.64567256        0.61423379        0.61411703        0.59737754        0.57117552        0.60143286        0.56376123        0.52487183        0.47529930        0.52875960        0.52225208        0.51347125
F/High/Cons/Empa        0.60654753        0.67206444        0.58795440        0.61097127        0.62198102        0.61159664        0.56014657        0.57127643        0.49493787        0.53795791        0.56172609        0.53050441        0.59358907        0.65480781        0.57308406        0.60659307        0.62086660        0.60532469        0.54176527        0.56763381        0.46954235        0.53964651        0.55931234        0.52396113
F/High/Cons/Prag        0.61971229        0.58795440        0.63775154        0.56493813        0.53967643        0.57905537        0.58045822        0.52608800        0.51361203        0.51659566        0.51482207        0.52177435        0.61730117        0.59155327        0.62386793        0.56098342        0.54630786        0.57890719        0.56784147        0.52958769        0.50208890        0.51675951        0.51896769        0.51954305
F/High/Prog/Anal        0.60025126        0.61097127        0.56493813        0.69972904        0.65891188        0.67511225        0.53617078        0.53532135        0.47320285        0.58022285        0.57488358        0.54869246        0.59614754        0.62167716        0.56464040        0.69024134        0.66677833        0.67008376        0.52736628        0.53374726        0.45162773        0.58334363        0.57733780        0.54349685
F/High/Prog/Empa        0.56570834        0.62198102        0.53967643        0.65891188        0.70097897        0.64618880        0.51648301        0.55232537        0.46202156        0.56183255        0.59087676        0.53850919        0.56053656        0.62518507        0.53476256        0.65195853        0.69102019        0.63618481        0.50323081        0.54610783        0.43630201        0.56251955        0.58518392        0.53086567
F/High/Prog/Prag        0.60259873        0.61159664        0.57905537        0.67511225        0.64618880        0.68668745        0.54577518        0.54214305        0.48909634        0.57248735        0.57230556        0.55660486        0.59919739        0.62410206        0.57997447        0.67315841        0.65414679        0.67900568        0.53722852        0.54045582        0.46758130        0.57508379        0.57461637        0.55114615
F/Low /Cons/Anal        0.57312262        0.56014657        0.58045822        0.53617078        0.51648301        0.54577518        0.61928995        0.56782317        0.55952531        0.54734403        0.54366153        0.55877841        0.56925476        0.55937260        0.57577419        0.53206640        0.52379644        0.54509276        0.60672665        0.56908655        0.54672372        0.54738402        0.54673105        0.55842441
F/Low /Cons/Empa        0.52334577        0.57127643        0.52608800        0.53532135        0.55232537        0.54214305        0.56782317        0.63531680        0.54784775        0.54587615        0.58749729        0.57042527        0.51656538        0.56178159        0.51962805        0.53140134        0.55042201        0.53684878        0.55299264        0.61739510        0.51799750        0.54680181        0.58000249        0.56231642
F/Low /Cons/Prag        0.48999020        0.49493787        0.51361203        0.47320285        0.46202156        0.48909634        0.55952531        0.54784775        0.59672197        0.49386275        0.50629240        0.53491408        0.48762074        0.48957965        0.51113862        0.47058198        0.46766773        0.48823041        0.55502844        0.54259104        0.58030432        0.49514949        0.50754237        0.53372788
F/Low /Prog/Anal        0.52739406        0.53795791        0.51659566        0.58022285        0.56183255        0.57248735        0.54734403        0.54587615        0.49386275        0.68612248        0.64478463        0.63223153        0.52682078        0.53985685        0.51643419        0.56964487        0.57234967        0.56390196        0.55034012        0.54490381        0.48125568        0.67606688        0.65011758        0.62457937
F/Low /Prog/Empa        0.51715541        0.56172609        0.51482207        0.57488358        0.59087676        0.57230556        0.54366153        0.58749729        0.50629240        0.64478463        0.67472301        0.62939310        0.51347971        0.55539215        0.51174819        0.56650376        0.59273142        0.56215650        0.54057527        0.58193970        0.48544002        0.64078879        0.66939920        0.61574817
F/Low /Prog/Prag        0.51501608        0.53050441        0.52177435        0.54869246        0.53850919        0.55660486        0.55877841        0.57042527        0.53491408        0.63223153        0.62939310        0.64818465        0.51394033        0.53001535        0.52160329        0.54220426        0.54578936        0.55089945        0.55914056        0.56626761        0.51879746        0.62857652        0.63086075        0.63507146
M/High/Cons/Anal        0.64567256        0.59358907        0.61730117        0.59614754        0.56053656        0.59919739        0.56925476        0.51656538        0.48762074        0.52682078        0.51347971        0.51394033        0.66004488        0.60743499        0.61990261        0.59637892        0.56781930        0.60265613        0.56440222        0.52070051        0.47740227        0.52847821        0.52022129        0.51489252
M/High/Cons/Empa        0.61423379        0.65480781        0.59155327        0.62167716        0.62518507        0.62410206        0.55937260        0.56178159        0.48957965        0.53985685        0.55539215        0.53001535        0.60743499        0.66466527        0.58250326        0.62117290        0.62785447        0.62013143        0.54433531        0.56151956        0.46824729        0.54276037        0.55624396        0.52575433
M/High/Cons/Prag        0.61411703        0.57308406        0.62386793        0.56464040        0.53476256        0.57997447        0.57577419        0.51962805        0.51113862        0.51643419        0.51174819        0.52160329        0.61990261        0.58250326        0.63671128        0.56498057        0.54431194        0.58369684        0.57114863        0.52516860        0.50237226        0.51994139        0.51690733        0.52094495
M/High/Prog/Anal        0.59737754        0.60659307        0.56098342        0.69024134        0.65195853        0.67315841        0.53206640        0.53140134        0.47058198        0.56964487        0.56650376        0.54220426        0.59637892        0.62117290        0.56498057        0.69474151        0.66201293        0.67280078        0.52465433        0.53005534        0.44946235        0.57364357        0.56960225        0.53749162
M/High/Prog/Empa        0.57117552        0.62086660        0.54630786        0.66677833        0.69102019        0.65414679        0.52379644        0.55042201        0.46766773        0.57234967        0.59273142        0.54578936        0.56781930        0.62785447        0.54431194        0.66201293        0.69961860        0.64845002        0.51331973        0.54680043        0.44417277        0.57426798        0.59005105        0.53947681
M/High/Prog/Prag        0.60143286        0.60532469        0.57890719        0.67008376        0.63618481        0.67900568        0.54509276        0.53684878        0.48823041        0.56390196        0.56215650        0.55089945        0.60265613        0.62013143        0.58369684        0.67280078        0.64845002        0.68643195        0.53714567        0.53653353        0.46761623        0.56765819        0.56565946        0.54715848
M/Low /Cons/Anal        0.56376123        0.54176527        0.56784147        0.52736628        0.50323081        0.53722852        0.60672665        0.55299264        0.55502844        0.55034012        0.54057527        0.55914056        0.56440222        0.54433531        0.57114863        0.52465433        0.51331973        0.53714567        0.62240404        0.55912584        0.55633634        0.55371261        0.54446256        0.56222039
M/Low /Cons/Empa        0.52487183        0.56763381        0.52958769        0.53374726        0.54610783        0.54045582        0.56908655        0.61739510        0.54259104        0.54490381        0.58193970        0.56626761        0.52070051        0.56151956        0.52516860        0.53005534        0.54680043        0.53653353        0.55912584        0.62231676        0.52030069        0.54740560        0.57757235        0.56386650
M/Low /Cons/Prag        0.47529930        0.46954235        0.50208890        0.45162773        0.43630201        0.46758130        0.54672372        0.51799750        0.58030432        0.48125568        0.48544002        0.51879746        0.47740227        0.46824729        0.50237226        0.44946235        0.44417277        0.46761623        0.55633634        0.52030069        0.59389605        0.48353982        0.48949170        0.52027708
M/Low /Prog/Anal        0.52875960        0.53964651        0.51675951        0.58334363        0.56251955        0.57508379        0.54738402        0.54680181        0.49514949        0.67606688        0.64078879        0.62857652        0.52847821        0.54276037        0.51994139        0.57364357        0.57426798        0.56765819        0.55371261        0.54740560        0.48353982        0.68351152        0.64806086        0.62383032
M/Low /Prog/Empa        0.52225208        0.55931234        0.51896769        0.57733780        0.58518392        0.57461637        0.54673105        0.58000249        0.50754237        0.65011758        0.66939920        0.63086075        0.52022129        0.55624396        0.51690733        0.56960225        0.59005105        0.56565946        0.54446256        0.57757235        0.48949170        0.64806086        0.67611784        0.62146080
M/Low /Prog/Prag        0.51347125        0.52396113        0.51954305        0.54349685        0.53086567        0.55114615        0.55842441        0.56231642        0.53372788        0.62457937        0.61574817        0.63507146        0.51489252        0.52575433        0.52094495        0.53749162        0.53947681        0.54715848        0.56222039        0.56386650        0.52027708        0.62383032        0.62146080        0.63809303

Qwen3-VL — Appendix Figure A3
artifact: qwen-vl__perception_jaccard.csv
metric: mean image-conditioned Jaccard similarity
shape: 24 x 24
range: 0.3945075516979149 to 0.51735628004817114

column_persona    F/High/Cons/Anal  F/High/Cons/Empa  F/High/Cons/Prag  F/High/Prog/Anal  F/High/Prog/Empa  F/High/Prog/Prag  F/Low /Cons/Anal  F/Low /Cons/Empa  F/Low /Cons/Prag  F/Low /Prog/Anal  F/Low /Prog/Empa  F/Low /Prog/Prag  M/High/Cons/Anal  M/High/Cons/Empa  M/High/Cons/Prag  M/High/Prog/Anal  M/High/Prog/Empa  M/High/Prog/Prag  M/Low /Cons/Anal  M/Low /Cons/Empa  M/Low /Cons/Prag  M/Low /Prog/Anal  M/Low /Prog/Empa  M/Low /Prog/Prag
row_persona                                                                                                                                                                                                                                                                                                                                                                                                                                                     
F/High/Cons/Anal        0.49241911        0.44206160        0.46911235        0.44824594        0.42281437        0.44966253        0.43147439        0.42260663        0.42555604        0.40889470        0.40678150        0.41565063        0.47651018        0.44479586        0.47529936        0.42920611        0.42217149        0.43907960        0.43779931        0.41596038        0.43070166        0.41713307        0.40217975        0.40838084
F/High/Cons/Empa        0.44206160        0.48474658        0.45013703        0.44837261        0.45838556        0.45384035        0.41266511        0.43236348        0.41185174        0.40720077        0.42569719        0.41254422        0.43771263        0.46874767        0.45202592        0.43383895        0.45440044        0.44179324        0.42357243        0.42955423        0.42217002        0.41641402        0.41853249        0.40570148
F/High/Cons/Prag        0.46911235        0.45013703        0.49296158        0.44151360        0.42488926        0.45263117        0.43025059        0.42222490        0.42912005        0.40738724        0.40617737        0.41430129        0.46089210        0.45056753        0.48374817        0.42649467        0.42495108        0.44399927        0.43778204        0.42093975        0.43413283        0.41493375        0.39820789        0.40870292
F/High/Prog/Anal        0.44824594        0.44837261        0.44151360        0.49937323        0.46656410        0.47083584        0.40860027        0.41777262        0.40564433        0.41921919        0.42203062        0.41645571        0.44881206        0.45274995        0.44971990        0.47672175        0.45796819        0.46093855        0.41750330        0.41518290        0.41125307        0.42544594        0.42200768        0.41016516
F/High/Prog/Empa        0.42281437        0.45838556        0.42488926        0.46656410        0.50057174        0.47088918        0.39828220        0.42463921        0.40163436        0.41968623        0.43977767        0.41582922        0.42172902        0.45827999        0.43398190        0.45878334        0.48087845        0.45957513        0.41427367        0.42509615        0.40973235        0.42000075        0.43468883        0.40861785
F/High/Prog/Prag        0.44966253        0.45384035        0.45263117        0.47083584        0.47088918        0.50330406        0.41279080        0.42643145        0.41868041        0.42201152        0.43302607        0.42354068        0.44324823        0.46173502        0.46279567        0.46223490        0.47670154        0.48888205        0.42927367        0.42409141        0.42253176        0.43143003        0.42727233        0.41822933
F/Low /Cons/Anal        0.43147439        0.41266511        0.43025059        0.40860027        0.39828220        0.41279080        0.47081522        0.44279644        0.46596619        0.43531144        0.41950428        0.44695274        0.43364386        0.41608007        0.43485839        0.39659800        0.39966595        0.40829900        0.46964878        0.43556149        0.47007479        0.43525362        0.41986496        0.43739829
F/Low /Cons/Empa        0.42260663        0.43236348        0.42222490        0.41777262        0.42463921        0.42643145        0.44279644        0.48895521        0.45953885        0.43937372        0.44809693        0.45069591        0.42462756        0.43441025        0.42615184        0.40659633        0.42755217        0.42091297        0.45356930        0.46177938        0.45818967        0.44447327        0.44770558        0.44208620
F/Low /Cons/Prag        0.42555604        0.41185174        0.42912005        0.40564433        0.40163436        0.41868041        0.46596619        0.45953885        0.49910149        0.44740604        0.43051468        0.45826136        0.42951401        0.41781354        0.43355800        0.39450755        0.40743088        0.41382086        0.47818381        0.45057136        0.49207814        0.44458777        0.42825140        0.44985929
F/Low /Prog/Anal        0.40889470        0.40720077        0.40738724        0.41921919        0.41968623        0.42201152        0.43531144        0.43937372        0.44740604        0.47951813        0.45245911        0.46957347        0.41422071        0.40894771        0.41503903        0.40838536        0.41546541        0.41999331        0.45327046        0.43467036        0.45212556        0.46688536        0.45033544        0.45538846
F/Low /Prog/Empa        0.40678150        0.42569719        0.40617737        0.42203062        0.43977767        0.43302607        0.41950428        0.44809693        0.43051468        0.45245911        0.47848742        0.45612259        0.40793070        0.41850793        0.41234045        0.41221191        0.43235613        0.42160583        0.43603761        0.44004795        0.43220620        0.45301332        0.46493353        0.43993426
F/Low /Prog/Prag        0.41565063        0.41254422        0.41430129        0.41645571        0.41582922        0.42354068        0.44695274        0.45069591        0.45826136        0.46957347        0.45612259        0.49091868        0.42117958        0.41300735        0.42479107        0.40686678        0.41242876        0.41792359        0.46081626        0.44542370        0.46699016        0.47158315        0.45189152        0.47134227
M/High/Cons/Anal        0.47651018        0.43771263        0.46089210        0.44881206        0.42172902        0.44324823        0.43364386        0.42462756        0.42951401        0.41422071        0.40793070        0.42117958        0.49191255        0.44329220        0.47858406        0.43670402        0.41954718        0.43992667        0.44296734        0.42417769        0.43587889        0.42283071        0.40868514        0.41679375
M/High/Cons/Empa        0.44479586        0.46874767        0.45056753        0.45274995        0.45827999        0.46173502        0.41608007        0.43441025        0.41781354        0.40894771        0.41850793        0.41300735        0.44329220        0.50091974        0.45899724        0.44432289        0.46384085        0.45501235        0.42550669        0.43246494        0.42657660        0.42025944        0.42123844        0.40987999
M/High/Cons/Prag        0.47529936        0.45202592        0.48374817        0.44971990        0.43398190        0.46279567        0.43485839        0.42615184        0.43355800        0.41503903        0.41234045        0.42479107        0.47858406        0.45899724        0.51735628        0.44313647        0.43383995        0.45852333        0.45159594        0.42945732        0.44533484        0.42891014        0.40873698        0.42380051
M/High/Prog/Anal        0.42920611        0.43383895        0.42649467        0.47672175        0.45878334        0.46223490        0.39659800        0.40659633        0.39450755        0.40838536        0.41221191        0.40686678        0.43670402        0.44432289        0.44313647        0.48338982        0.45614140        0.45657501        0.40770549        0.40932004        0.40476940        0.41728906        0.41743624        0.40249246
M/High/Prog/Empa        0.42217149        0.45440044        0.42495108        0.45796819        0.48087845        0.47670154        0.39966595        0.42755217        0.40743088        0.41546541        0.43235613        0.41242876        0.41954718        0.46384085        0.43383995        0.45614140        0.50700682        0.47291963        0.41792783        0.42339137        0.41205047        0.41935240        0.43161465        0.40728620
M/High/Prog/Prag        0.43907960        0.44179324        0.44399927        0.46093855        0.45957513        0.48888205        0.40829900        0.42091297        0.41382086        0.41999331        0.42160583        0.41792359        0.43992667        0.45501235        0.45852333        0.45657501        0.47291963        0.50176684        0.42608955        0.42110472        0.42122078        0.42580505        0.42516715        0.41858575
M/Low /Cons/Anal        0.43779931        0.42357243        0.43778204        0.41750330        0.41427367        0.42927367        0.46964878        0.45356930        0.47818381        0.45327046        0.43603761        0.46081626        0.44296734        0.42550669        0.45159594        0.40770549        0.41792783        0.42608955        0.50703061        0.45067048        0.48997649        0.45602847        0.43360720        0.45583884
M/Low /Cons/Empa        0.41596038        0.42955423        0.42093975        0.41518290        0.42509615        0.42409141        0.43556149        0.46177938        0.45057136        0.43467036        0.44004795        0.44542370        0.42417769        0.43246494        0.42945732        0.40932004        0.42339137        0.42110472        0.45067048        0.46538303        0.45235628        0.43731933        0.43733007        0.43846046
M/Low /Cons/Prag        0.43070166        0.42217002        0.43413283        0.41125307        0.40973235        0.42253176        0.47007479        0.45818967        0.49207814        0.45212556        0.43220620        0.46699016        0.43587889        0.42657660        0.44533484        0.40476940        0.41205047        0.42122078        0.48997649        0.45235628        0.50947027        0.45566143        0.43360754        0.45751161
M/Low /Prog/Anal        0.41713307        0.41641402        0.41493375        0.42544594        0.42000075        0.43143003        0.43525362        0.44447327        0.44458777        0.46688536        0.45301332        0.47158315        0.42283071        0.42025944        0.42891014        0.41728906        0.41935240        0.42580505        0.45602847        0.43731933        0.45566143        0.49055554        0.45225056        0.46243383
M/Low /Prog/Empa        0.40217975        0.41853249        0.39820789        0.42200768        0.43468883        0.42727233        0.41986496        0.44770558        0.42825140        0.45033544        0.46493353        0.45189152        0.40868514        0.42123844        0.40873698        0.41743624        0.43161465        0.42516715        0.43360720        0.43733007        0.43360754        0.45225056        0.47984470        0.44296668
M/Low /Prog/Prag        0.40838084        0.40570148        0.40870292        0.41016516        0.40861785        0.41822933        0.43739829        0.44208620        0.44985929        0.45538846        0.43993426        0.47134227        0.41679375        0.40987999        0.42380051        0.40249246        0.40728620        0.41858575        0.45583884        0.43846046        0.45751161        0.46243383        0.44296668        0.47743884

Gemma4 — Main-paper topic-persona heatmap
artifact: gemma-4-E4B-it_t01__topic_persona_proportion.csv
metric: within-profile topic proportion, renormalized over displayed topics
shape: 10 x 24
range: 0 to 0.6292134831460674

persona                       F/High/Cons/Anal  F/High/Cons/Empa  F/High/Cons/Prag  F/High/Prog/Anal  F/High/Prog/Empa  F/High/Prog/Prag  F/Low /Cons/Anal  F/Low /Cons/Empa  F/Low /Cons/Prag  F/Low /Prog/Anal  F/Low /Prog/Empa  F/Low /Prog/Prag  M/High/Cons/Anal  M/High/Cons/Empa  M/High/Cons/Prag  M/High/Prog/Anal  M/High/Prog/Empa  M/High/Prog/Prag  M/Low /Cons/Anal  M/Low /Cons/Empa  M/Low /Cons/Prag  M/Low /Prog/Anal  M/Low /Prog/Empa  M/Low /Prog/Prag
topic                                                                                                                                                                                                                                                                                                                                                                                                                                                                       
Accident & systemic failure         0.12254902        0.24686192        0.39716312        0.08914729        0.13698630        0.10762332        0.39130435        0.00000000        0.37931034        0.28712871        0.02343750        0.21794872        0.07042254        0.19396552        0.20408163        0.09661836        0.09523810        0.03614458        0.27419355        0.03932584        0.10309278        0.34146341        0.02898551        0.62105263
Accident & police response          0.12254902        0.22175732        0.07092199        0.07364341        0.18264840        0.13901345        0.09782609        0.34862385        0.02298851        0.39603960        0.05468750        0.05128205        0.07042254        0.31034483        0.24489796        0.08695652        0.11255411        0.14457831        0.46774194        0.00561798        0.22680412        0.33333333        0.08695652        0.05263158
Home & peaceful scene               0.23529412        0.09623431        0.26950355        0.05813953        0.22831050        0.11210762        0.00000000        0.00000000        0.00000000        0.00000000        0.00000000        0.00000000        0.17605634        0.21551724        0.18367347        0.12077295        0.21645022        0.15060241        0.00000000        0.00000000        0.00000000        0.00000000        0.00000000        0.09473684
Decay & abandonment                 0.12745098        0.00000000        0.00000000        0.22868217        0.17808219        0.14349776        0.00000000        0.00000000        0.00000000        0.00000000        0.00000000        0.00000000        0.25352113        0.00000000        0.00000000        0.29951691        0.16017316        0.24698795        0.00000000        0.00000000        0.00000000        0.00000000        0.00000000        0.00000000
Scenic calm & hope                  0.05882353        0.05439331        0.06382979        0.06201550        0.10502283        0.04932735        0.16304348        0.01834862        0.00000000        0.08910891        0.23437500        0.03846154        0.00704225        0.12500000        0.34693878        0.00966184        0.07359307        0.11445783        0.24193548        0.05617978        0.01030928        0.11382114        0.23188406        0.00000000
Stark & neutral architecture        0.11764706        0.18828452        0.00000000        0.17441860        0.08219178        0.23766816        0.00000000        0.00000000        0.00000000        0.05940594        0.01562500        0.00000000        0.22535211        0.04310345        0.00000000        0.17874396        0.03463203        0.15060241        0.00000000        0.00000000        0.00000000        0.02439024        0.00000000        0.00000000
Wreckage & fragility                0.05392157        0.02510460        0.00709220        0.02713178        0.00000000        0.00000000        0.21739130        0.45871560        0.31034483        0.00000000        0.31250000        0.43589744        0.08450704        0.01724138        0.00000000        0.00966184        0.00000000        0.00000000        0.01612903        0.19101124        0.05154639        0.00000000        0.36231884        0.03157895
Neglect & disrepair                 0.00000000        0.00000000        0.08510638        0.00000000        0.00000000        0.00448430        0.11956522        0.17431193        0.28735632        0.13861386        0.00000000        0.12820513        0.00000000        0.00000000        0.01020408        0.00000000        0.00000000        0.00000000        0.00000000        0.62921348        0.60824742        0.04878049        0.03623188        0.16842105
Natural landscape & beauty          0.00000000        0.16736402        0.00000000        0.05038760        0.06849315        0.04035874        0.01086957        0.00000000        0.00000000        0.02970297        0.35937500        0.00000000        0.00000000        0.09051724        0.00000000        0.00483092        0.21645022        0.09036145        0.00000000        0.07865169        0.00000000        0.11382114        0.24637681        0.00000000
Typical urban scene                 0.16176471        0.00000000        0.10638298        0.23643411        0.01826484        0.16591928        0.00000000        0.00000000        0.00000000        0.00000000        0.00000000        0.12820513        0.11267606        0.00431034        0.01020408        0.19323671        0.09090909        0.06626506        0.00000000        0.00000000        0.00000000        0.02439024        0.00724638        0.03157895

Gemma4 — Appendix Figure A1
artifact: gemma-4-E4B-it_t01__caption_similarity.csv
metric: mean image-conditioned cosine similarity
shape: 24 x 24
range: 0.87398087978363037 to 0.94597669243812565

column_persona    F/High/Cons/Anal  F/High/Cons/Empa  F/High/Cons/Prag  F/High/Prog/Anal  F/High/Prog/Empa  F/High/Prog/Prag  F/Low /Cons/Anal  F/Low /Cons/Empa  F/Low /Cons/Prag  F/Low /Prog/Anal  F/Low /Prog/Empa  F/Low /Prog/Prag  M/High/Cons/Anal  M/High/Cons/Empa  M/High/Cons/Prag  M/High/Prog/Anal  M/High/Prog/Empa  M/High/Prog/Prag  M/Low /Cons/Anal  M/Low /Cons/Empa  M/Low /Cons/Prag  M/Low /Prog/Anal  M/Low /Prog/Empa  M/Low /Prog/Prag
row_persona                                                                                                                                                                                                                                                                                                                                                                                                                                                     
F/High/Cons/Anal        0.93692570        0.90979195        0.92058641        0.91222429        0.90360022        0.91441917        0.89431626        0.89030695        0.88695890        0.89889735        0.88893837        0.89233482        0.91452867        0.91172254        0.91883093        0.90943033        0.90662956        0.91461599        0.88693702        0.89212334        0.88529009        0.90017337        0.89581907        0.89191240
F/High/Cons/Empa        0.90979195        0.93633631        0.91098219        0.90777749        0.91814643        0.91366845        0.90335435        0.90463883        0.89917189        0.89640105        0.90345687        0.90083987        0.89538032        0.92268491        0.90630531        0.90209663        0.91731417        0.90879518        0.89277709        0.90509230        0.89641500        0.90031838        0.90575957        0.90219033
F/High/Cons/Prag        0.92058641        0.91098219        0.93431367        0.89860755        0.89818060        0.90834826        0.90606070        0.90513533        0.90279752        0.90262628        0.89859372        0.90615600        0.90540689        0.91247451        0.92491478        0.89377594        0.89977217        0.90831178        0.89901453        0.90782678        0.90097010        0.90704012        0.90465522        0.90782249
F/High/Prog/Anal        0.91222429        0.90777749        0.89860755        0.93276867        0.91207021        0.91821706        0.88317972        0.88059121        0.87642080        0.89829373        0.89015365        0.88606036        0.90400147        0.91005510        0.89925539        0.92464966        0.91489768        0.91713244        0.87978858        0.88362265        0.87680787        0.90122771        0.89693171        0.88525152
F/High/Prog/Empa        0.90360022        0.91814643        0.89818060        0.91207021        0.93666749        0.91459173        0.88702261        0.88972682        0.88244855        0.89839685        0.90270042        0.89319021        0.88933969        0.91035044        0.89616913        0.90671647        0.92728841        0.91060758        0.88014776        0.88832480        0.88259453        0.90119553        0.90641993        0.89233691
F/High/Prog/Prag        0.91441917        0.91366845        0.90834826        0.91821706        0.91459173        0.93328659        0.89045477        0.89277041        0.88468933        0.90304530        0.89863288        0.89812803        0.90119630        0.91800910        0.90957510        0.91237658        0.91358685        0.92305940        0.88706255        0.89473772        0.88559169        0.90939641        0.90522486        0.89692122
F/Low /Cons/Anal        0.89431626        0.90335435        0.90606070        0.88317972        0.88702261        0.89045477        0.94238834        0.91895121        0.93482369        0.90637064        0.89989167        0.91755557        0.88913429        0.89379835        0.90215814        0.88182503        0.88508826        0.88426375        0.92890459        0.93004227        0.92812574        0.90643507        0.90666693        0.91806978
F/Low /Cons/Empa        0.89030695        0.90463883        0.90513533        0.88059121        0.88972682        0.89277041        0.91895121        0.93533435        0.92085648        0.90767950        0.91508788        0.92529017        0.87972641        0.89948213        0.89805532        0.87648791        0.88621223        0.88523161        0.90481979        0.93076539        0.91485018        0.90483087        0.91805643        0.91993749
F/Low /Cons/Prag        0.88695890        0.89917189        0.90279752        0.87642080        0.88244855        0.88468933        0.93482369        0.92085648        0.94597669        0.90015757        0.90049309        0.91640663        0.88147807        0.89163637        0.89612436        0.87398088        0.88164419        0.87744027        0.92102295        0.93095589        0.93082082        0.89925760        0.90637183        0.91651177
F/Low /Prog/Anal        0.89889735        0.89640105        0.90262628        0.89829373        0.89839685        0.90304530        0.90637064        0.90767950        0.90015757        0.93469856        0.90982848        0.92340779        0.88980424        0.89559364        0.90100861        0.89431143        0.89033586        0.89948809        0.89950722        0.90498108        0.89894271        0.92431533        0.91492355        0.91583270
F/Low /Prog/Empa        0.88893837        0.90345687        0.89859372        0.89015365        0.90270042        0.89863288        0.89989167        0.91508788        0.90049309        0.90982848        0.93516338        0.91834182        0.87538683        0.90099204        0.89184439        0.88406706        0.89212084        0.89234346        0.88684440        0.91132021        0.89689744        0.91021776        0.92624074        0.91123372
F/Low /Prog/Prag        0.89233482        0.90083987        0.90615600        0.88606036        0.89319021        0.89812803        0.91755557        0.92529017        0.91640663        0.92340779        0.91834182        0.94208927        0.88455766        0.89613014        0.90235078        0.88088441        0.88446254        0.89252996        0.90627694        0.92552847        0.91556191        0.92078131        0.92338431        0.92639786
M/High/Cons/Anal        0.91452867        0.89538032        0.90540689        0.90400147        0.88933969        0.90119630        0.88913429        0.87972641        0.88147807        0.88980424        0.87538683        0.88455766        0.93434337        0.90388888        0.91549265        0.90753090        0.89767510        0.90462410        0.89652312        0.88548440        0.88417238        0.89542395        0.88633370        0.88776034
M/High/Cons/Empa        0.91172254        0.92268491        0.91247451        0.91005510        0.91035044        0.91800910        0.89379835        0.89948213        0.89163637        0.89559364        0.90099204        0.89613014        0.90388888        0.93645738        0.91075212        0.90516931        0.91651732        0.91834521        0.89123446        0.89955407        0.88985777        0.90270460        0.90605932        0.89926124
M/High/Cons/Prag        0.91883093        0.90630531        0.92491478        0.89925539        0.89616913        0.90957510        0.90215814        0.89805532        0.89612436        0.90100861        0.89184439        0.90235078        0.91549265        0.91075212        0.93300083        0.89859980        0.89998329        0.91287345        0.90043646        0.89942580        0.89743263        0.90998387        0.90166724        0.90528953
M/High/Prog/Anal        0.90943033        0.90209663        0.89377594        0.92464966        0.90671647        0.91237658        0.88182503        0.87648791        0.87398088        0.89431143        0.88406706        0.88088441        0.90753090        0.90516931        0.89859980        0.93163214        0.91210234        0.91459489        0.88298124        0.87972885        0.87484705        0.89855486        0.89133608        0.88225073
M/High/Prog/Empa        0.90662956        0.91731417        0.89977217        0.91489768        0.92728841        0.91358685        0.88508826        0.88621223        0.88164419        0.89033586        0.89212084        0.88446254        0.89767510        0.91651732        0.89998329        0.91210234        0.93444238        0.91349959        0.88148201        0.88561249        0.88215917        0.89363015        0.89710963        0.89106637
M/High/Prog/Prag        0.91461599        0.90879518        0.90831178        0.91713244        0.91060758        0.92305940        0.88426375        0.88523161        0.87744027        0.89948809        0.89234346        0.89252996        0.90462410        0.91834521        0.91287345        0.91459489        0.91349959        0.93683361        0.88433433        0.88519937        0.88169235        0.90854818        0.90243608        0.89325386
M/Low /Cons/Anal        0.88693702        0.89277709        0.89901453        0.87978858        0.88014776        0.88706255        0.92890459        0.90481979        0.92102295        0.89950722        0.88684440        0.90627694        0.89652312        0.89123446        0.90043646        0.88298124        0.88148201        0.88433433        0.93861014        0.91894609        0.92136168        0.90708023        0.89711344        0.91051584
M/Low /Cons/Empa        0.89212334        0.90509230        0.90782678        0.88362265        0.88832480        0.89473772        0.93004227        0.93076539        0.93095589        0.90498108        0.91132021        0.92552847        0.88548440        0.89955407        0.89942580        0.87972885        0.88561249        0.88519937        0.91894609        0.94476594        0.92455411        0.90654135        0.91537565        0.91985452
M/Low /Cons/Prag        0.88529009        0.89641500        0.90097010        0.87680787        0.88259453        0.88559169        0.92812574        0.91485018        0.93082082        0.89894271        0.89689744        0.91556191        0.88417238        0.88985777        0.89743263        0.87484705        0.88215917        0.88169235        0.92136168        0.92455411        0.93282070        0.90092033        0.90475172        0.91718447
M/Low /Prog/Anal        0.90017337        0.90031838        0.90704012        0.90122771        0.90119553        0.90939641        0.90643507        0.90483087        0.89925760        0.92431533        0.91021776        0.92078131        0.89542395        0.90270460        0.90998387        0.89855486        0.89363015        0.90854818        0.90708023        0.90654135        0.90092033        0.93702376        0.91692191        0.91615766
M/Low /Prog/Empa        0.89581907        0.90575957        0.90465522        0.89693171        0.90641993        0.90522486        0.90666693        0.91805643        0.90637183        0.91492355        0.92624074        0.92338431        0.88633370        0.90605932        0.90166724        0.89133608        0.89710963        0.90243608        0.89711344        0.91537565        0.90475172        0.91692191        0.93560750        0.91966116
M/Low /Prog/Prag        0.89191240        0.90219033        0.90782249        0.88525152        0.89233691        0.89692122        0.91806978        0.91993749        0.91651177        0.91583270        0.91123372        0.92639786        0.88776034        0.89926124        0.90528953        0.88225073        0.89106637        0.89325386        0.91051584        0.91985452        0.91718447        0.91615766        0.91966116        0.93750803

Gemma4 — Appendix Figure A2
artifact: gemma-4-E4B-it_t01__justification_similarity.csv
metric: mean image-conditioned cosine similarity
shape: 24 x 24
range: 0.45343750715255737 to 0.87871571898460388

column_persona    F/High/Cons/Anal  F/High/Cons/Empa  F/High/Cons/Prag  F/High/Prog/Anal  F/High/Prog/Empa  F/High/Prog/Prag  F/Low /Cons/Anal  F/Low /Cons/Empa  F/Low /Cons/Prag  F/Low /Prog/Anal  F/Low /Prog/Empa  F/Low /Prog/Prag  M/High/Cons/Anal  M/High/Cons/Empa  M/High/Cons/Prag  M/High/Prog/Anal  M/High/Prog/Empa  M/High/Prog/Prag  M/Low /Cons/Anal  M/Low /Cons/Empa  M/Low /Cons/Prag  M/Low /Prog/Anal  M/Low /Prog/Empa  M/Low /Prog/Prag
row_persona                                                                                                                                                                                                                                                                                                                                                                                                                                                     
F/High/Cons/Anal        0.82286185        0.62274897        0.63403267        0.68142891        0.60254264        0.68106133        0.55899030        0.48737687        0.48692757        0.63076597        0.51567698        0.51705259        0.77263254        0.63085604        0.62979579        0.69173533        0.62650424        0.70135570        0.55497038        0.49177894        0.47973794        0.63844073        0.51826423        0.50553298
F/High/Cons/Empa        0.62274897        0.83216282        0.61840010        0.61548632        0.66675067        0.66182458        0.56084001        0.52169347        0.49114436        0.60383600        0.58220178        0.54274088        0.59557760        0.74556291        0.59582812        0.60717642        0.68580949        0.64613366        0.55347431        0.52287149        0.48369172        0.59199667        0.57140601        0.53082347
F/High/Cons/Prag        0.63403267        0.61840010        0.83769230        0.57337058        0.54799145        0.62145567        0.64331132        0.55079252        0.57105070        0.60246277        0.54922038        0.59178704        0.62038887        0.64266288        0.78345406        0.57227147        0.56194860        0.63410854        0.63766062        0.56989741        0.56338364        0.60405684        0.54924124        0.57832342
F/High/Prog/Anal        0.68142891        0.61548632        0.57337058        0.83931039        0.67526841        0.69677973        0.53880423        0.47753155        0.47028881        0.63863254        0.54284352        0.51056254        0.65903962        0.61911464        0.56801933        0.80762339        0.70258951        0.68527168        0.53190780        0.48486748        0.45474797        0.63551933        0.54101139        0.49736592
F/High/Prog/Empa        0.60254264        0.66675067        0.54799145        0.67526841        0.85262345        0.66087264        0.51950014        0.49813226        0.46659386        0.62842840        0.58554602        0.51844621        0.58093607        0.64368600        0.54235893        0.65534735        0.80706644        0.63540620        0.51465482        0.49923718        0.45421338        0.61384475        0.57719648        0.50025672
F/High/Prog/Prag        0.68106133        0.66182458        0.62145567        0.69677973        0.66087264        0.84300347        0.56785876        0.50587386        0.49500647        0.67361605        0.57222831        0.54951286        0.65756726        0.67783308        0.61687654        0.69135386        0.67978263        0.76649976        0.56025869        0.51151866        0.48632067        0.67059493        0.56606537        0.53979868
F/Low /Cons/Anal        0.55899030        0.56084001        0.64331132        0.53880423        0.51950014        0.56785876        0.85914420        0.59032488        0.70369196        0.58898592        0.55869359        0.61686742        0.55246043        0.57568020        0.63883185        0.53230304        0.52888632        0.55889428        0.77749282        0.63976884        0.67919296        0.59106386        0.56349564        0.62120497
F/Low /Cons/Empa        0.48737687        0.52169347        0.55079252        0.47753155        0.49813226        0.50587386        0.59032488        0.83986116        0.65175277        0.51822734        0.62278605        0.62763631        0.46480164        0.52985215        0.53561205        0.47200420        0.49308667        0.49861804        0.57619083        0.72892112        0.61873442        0.52060968        0.61531240        0.60955352
F/Low /Cons/Prag        0.48692757        0.49114436        0.57105070        0.47028881        0.46659386        0.49500647        0.70369196        0.65175277        0.87871572        0.51267552        0.53801364        0.61947143        0.47709492        0.50366271        0.57265204        0.46712837        0.47381184        0.49008334        0.69061148        0.70984405        0.79257512        0.52113050        0.54550731        0.63569385
F/Low /Prog/Anal        0.63076597        0.60383600        0.60246277        0.63863254        0.62842840        0.67361605        0.58898592        0.51822734        0.51267552        0.84211442        0.59939754        0.58973897        0.62485939        0.61519796        0.59187067        0.63733912        0.62564409        0.66665614        0.57324201        0.52307296        0.50542492        0.77403861        0.59863096        0.57193381
F/Low /Prog/Empa        0.51567698        0.58220178        0.54922038        0.54284352        0.58554602        0.57222831        0.55869359        0.62278605        0.53801364        0.59939754        0.82650316        0.61998618        0.49522358        0.58511466        0.53355861        0.53050309        0.57568109        0.55762213        0.53414565        0.60130292        0.52002501        0.57873321        0.75683427        0.58067292
F/Low /Prog/Prag        0.51705259        0.54274088        0.59178704        0.51056254        0.51844621        0.54951286        0.61686742        0.62763631        0.61947143        0.58973897        0.61998618        0.81299086        0.51076812        0.55959046        0.57650733        0.50052029        0.51385832        0.54767776        0.60261345        0.63376296        0.60642606        0.58055621        0.63998151        0.73019892
M/High/Cons/Anal        0.77263254        0.59557760        0.62038887        0.65903962        0.58093607        0.65756726        0.55246043        0.46480164        0.47709492        0.62485939        0.49522358        0.51076812        0.82465316        0.60714966        0.62513113        0.67060781        0.60867441        0.68542022        0.55141050        0.47507298        0.47266605        0.64111304        0.49781486        0.50186610
M/High/Cons/Empa        0.63085604        0.74556291        0.64266288        0.61911464        0.64368600        0.67783308        0.57568020        0.52985215        0.50366271        0.61519796        0.58511466        0.55959046        0.60714966        0.81451440        0.62426543        0.61216313        0.66144580        0.66793597        0.56784147        0.53437376        0.49381584        0.61139429        0.57662028        0.54515463
M/High/Cons/Prag        0.62979579        0.59582812        0.78345406        0.56801933        0.54235893        0.61687654        0.63883185        0.53561205        0.57265204        0.59187067        0.53355861        0.57650733        0.62513113        0.62426543        0.83863942        0.56797796        0.55833989        0.62958896        0.64382935        0.55996078        0.56642497        0.60414529        0.53722852        0.57615387
M/High/Prog/Anal        0.69173533        0.60717642        0.57227147        0.80762339        0.65534735        0.69135386        0.53230304        0.47200420        0.46712837        0.63733912        0.53050309        0.50052029        0.67060781        0.61216313        0.56797796        0.83501536        0.68352377        0.69366693        0.52701503        0.47709620        0.45343751        0.63677806        0.53141481        0.49306500
M/High/Prog/Empa        0.62650424        0.68580949        0.56194860        0.70258951        0.80706644        0.67978263        0.52888632        0.49308667        0.47381184        0.62564409        0.57568109        0.51385832        0.60867441        0.66144580        0.55833989        0.68352377        0.85206893        0.66311437        0.52724111        0.49883035        0.45950413        0.61399561        0.56641662        0.50048614
M/High/Prog/Prag        0.70135570        0.64613366        0.63410854        0.68527168        0.63540620        0.76649976        0.55889428        0.49861804        0.49008334        0.66665614        0.55762213        0.54767776        0.68542022        0.66793597        0.62958896        0.69366693        0.66311437        0.84009965        0.55919069        0.50307131        0.48235133        0.66845185        0.55520201        0.53649771
M/Low /Cons/Anal        0.55497038        0.55347431        0.63766062        0.53190780        0.51465482        0.56025869        0.77749282        0.57619083        0.69061148        0.57324201        0.53414565        0.60261345        0.55141050        0.56784147        0.64382935        0.52701503        0.52724111        0.55919069        0.84527738        0.63157767        0.69345301        0.58572274        0.53653878        0.61879849
M/Low /Cons/Empa        0.49177894        0.52287149        0.56989741        0.48486748        0.49923718        0.51151866        0.63976884        0.72892112        0.70984405        0.52307296        0.60130292        0.63376296        0.47507298        0.53437376        0.55996078        0.47709620        0.49883035        0.50307131        0.63157767        0.82789859        0.68307555        0.52272642        0.61007285        0.63806772
M/Low /Cons/Prag        0.47973794        0.48369172        0.56338364        0.45474797        0.45421338        0.48632067        0.67919296        0.61873442        0.79257512        0.50542492        0.52002501        0.60642606        0.47266605        0.49381584        0.56642497        0.45343751        0.45950413        0.48235133        0.69345301        0.68307555        0.84089124        0.51684719        0.52953780        0.63464606
M/Low /Prog/Anal        0.63844073        0.59199667        0.60405684        0.63551933        0.61384475        0.67059493        0.59106386        0.52060968        0.52113050        0.77403861        0.57873321        0.58055621        0.64111304        0.61139429        0.60414529        0.63677806        0.61399561        0.66845185        0.58572274        0.52272642        0.51684719        0.84324893        0.58067930        0.57051969
M/Low /Prog/Empa        0.51826423        0.57140601        0.54924124        0.54101139        0.57719648        0.56606537        0.56349564        0.61531240        0.54550731        0.59863096        0.75683427        0.63998151        0.49781486        0.57662028        0.53722852        0.53141481        0.56641662        0.55520201        0.53653878        0.61007285        0.52953780        0.58067930        0.80728470        0.61264169
M/Low /Prog/Prag        0.50553298        0.53082347        0.57832342        0.49736592        0.50025672        0.53979868        0.62120497        0.60955352        0.63569385        0.57193381        0.58067292        0.73019892        0.50186610        0.54515463        0.57615387        0.49306500        0.50048614        0.53649771        0.61879849        0.63806772        0.63464606        0.57051969        0.61264169        0.81855000

Gemma4 — Appendix Figure A3
artifact: gemma-4-E4B-it_t01__perception_jaccard.csv
metric: mean image-conditioned Jaccard similarity
shape: 24 x 24
range: 0.49579311111111113 to 0.90214888241010682

column_persona    F/High/Cons/Anal  F/High/Cons/Empa  F/High/Cons/Prag  F/High/Prog/Anal  F/High/Prog/Empa  F/High/Prog/Prag  F/Low /Cons/Anal  F/Low /Cons/Empa  F/Low /Cons/Prag  F/Low /Prog/Anal  F/Low /Prog/Empa  F/Low /Prog/Prag  M/High/Cons/Anal  M/High/Cons/Empa  M/High/Cons/Prag  M/High/Prog/Anal  M/High/Prog/Empa  M/High/Prog/Prag  M/Low /Cons/Anal  M/Low /Cons/Empa  M/Low /Cons/Prag  M/Low /Prog/Anal  M/Low /Prog/Empa  M/Low /Prog/Prag
row_persona                                                                                                                                                                                                                                                                                                                                                                                                                                                     
F/High/Cons/Anal        0.88366536        0.70228579        0.80478029        0.71605577        0.62549397        0.73863314        0.65088036        0.64690811        0.59299386        0.63721308        0.62601127        0.62344192        0.81898291        0.72724953        0.79421855        0.71158034        0.63985801        0.74626403        0.63603197        0.65580859        0.60384188        0.66454278        0.62446759        0.62803466
F/High/Cons/Empa        0.70228579        0.85605789        0.68165576        0.68551403        0.71098176        0.69729980        0.60201374        0.62889360        0.57060811        0.57950801        0.60310009        0.56925173        0.67081648        0.78968432        0.65007305        0.67198811        0.73691391        0.69464609        0.57542389        0.60376631        0.55355403        0.57958772        0.60040823        0.56170171
F/High/Cons/Prag        0.80478029        0.68165576        0.87750659        0.65204945        0.58445177        0.68830532        0.66804670        0.65912173        0.60689927        0.63582885        0.61565842        0.65383887        0.77138867        0.69625939        0.83364941        0.65279332        0.60250681        0.70065936        0.63852679        0.67150180        0.61840299        0.65447458        0.60702236        0.65243793
F/High/Prog/Anal        0.71605577        0.68551403        0.65204945        0.88403517        0.74479860        0.79631973        0.58631725        0.61477079        0.54854026        0.66687878        0.66207665        0.59799872        0.72636752        0.71920452        0.64621732        0.84790547        0.75455901        0.78350680        0.57800248        0.60081613        0.53408078        0.66863603        0.66306867        0.59968838
F/High/Prog/Empa        0.62549397        0.71098176        0.58445177        0.74479860        0.86096999        0.71326525        0.53844201        0.59171819        0.50895039        0.61909484        0.65218992        0.56285660        0.63448828        0.70587895        0.56608689        0.71688898        0.83169883        0.69499702        0.53085063        0.56640248        0.49579311        0.62226450        0.65983394        0.55309752
F/High/Prog/Prag        0.73863314        0.69729980        0.68830532        0.79631973        0.71326525        0.86266159        0.59775237        0.61702613        0.55162454        0.65452454        0.64778490        0.61390312        0.72570590        0.73748520        0.67448971        0.77462095        0.72104537        0.81866961        0.58040894        0.60995864        0.53909029        0.64730116        0.63628844        0.60479669
F/Low /Cons/Anal        0.65088036        0.60201374        0.66804670        0.58631725        0.53844201        0.59775237        0.88806266        0.68630341        0.79069028        0.64595208        0.59679981        0.69388221        0.67732648        0.60484518        0.68445554        0.59090556        0.53775535        0.59381719        0.81894677        0.73881540        0.78640463        0.66555609        0.59461583        0.70522275
F/Low /Cons/Empa        0.64690811        0.62889360        0.65912173        0.61477079        0.59171819        0.61702613        0.68630341        0.86891081        0.67055910        0.66473227        0.70384287        0.71346379        0.65650550        0.64624024        0.64154358        0.61911135        0.58430774        0.60675317        0.65412759        0.78861773        0.64067755        0.65355469        0.70623066        0.66821682
F/Low /Cons/Prag        0.59299386        0.57060811        0.60689927        0.54854026        0.50895039        0.55162454        0.79069028        0.67055910        0.90214888        0.60892884        0.56221106        0.68128492        0.61343097        0.56032987        0.60605370        0.55018513        0.50937687        0.54522683        0.72512818        0.70221230        0.79890475        0.60400707        0.56678192        0.68075391
F/Low /Prog/Anal        0.63721308        0.57950801        0.63582885        0.66687878        0.61909484        0.65452454        0.64595208        0.66473227        0.60892884        0.87905427        0.71955783        0.76439697        0.65771137        0.60002129        0.62329751        0.67870595        0.60456122        0.64277639        0.63879922        0.66032525        0.60984550        0.81788133        0.74788629        0.73545417
F/Low /Prog/Empa        0.62601127        0.60310009        0.61565842        0.66207665        0.65218992        0.64778490        0.59679981        0.70384287        0.56221106        0.71955783        0.84704339        0.71074332        0.62559515        0.62050339        0.59183224        0.65357254        0.63458391        0.63738694        0.57948695        0.68523046        0.55862925        0.70420497        0.80281428        0.67157303
F/Low /Prog/Prag        0.62344192        0.56925173        0.65383887        0.59799872        0.56285660        0.61390312        0.69388221        0.71346379        0.68128492        0.76439697        0.71074332        0.86470356        0.65059229        0.58761420        0.64553214        0.59891701        0.54890097        0.60886203        0.67870075        0.72475133        0.67276963        0.74654471        0.72137387        0.78332709
M/High/Cons/Anal        0.81898291        0.67081648        0.77138867        0.72636752        0.63448828        0.72570590        0.67732648        0.65650550        0.61343097        0.65771137        0.62559515        0.65059229        0.87790515        0.72226460        0.79489285        0.73232831        0.64882274        0.75212523        0.67115786        0.67769506        0.63027687        0.69307255        0.63517482        0.65068185
M/High/Cons/Empa        0.72724953        0.78968432        0.69625939        0.71920452        0.70587895        0.73748520        0.60484518        0.64624024        0.56032987        0.60002129        0.62050339        0.58761420        0.72226460        0.87026795        0.68405345        0.70428491        0.74014309        0.73442170        0.58898305        0.62890527        0.55307176        0.60571143        0.62107052        0.58115477
M/High/Cons/Prag        0.79421855        0.65007305        0.83364941        0.64621732        0.56608689        0.67448971        0.68445554        0.64154358        0.60605370        0.62329751        0.59183224        0.64553214        0.79489285        0.68405345        0.89440978        0.65068532        0.58531919        0.70559651        0.65653272        0.67004517        0.63540043        0.65733225        0.59220889        0.65399423
M/High/Prog/Anal        0.71158034        0.67198811        0.65279332        0.84790547        0.71688898        0.77462095        0.59090556        0.61911135        0.55018513        0.67870595        0.65357254        0.59891701        0.73232831        0.70428491        0.65068532        0.87501396        0.73794387        0.77085359        0.57756663        0.61033724        0.53834896        0.66442620        0.65761697        0.60236218
M/High/Prog/Empa        0.63985801        0.73691391        0.60250681        0.75455901        0.83169883        0.72104537        0.53775535        0.58430774        0.50937687        0.60456122        0.63458391        0.54890097        0.64882274        0.74014309        0.58531919        0.73794387        0.88044365        0.70841817        0.53097912        0.56283925        0.49682461        0.60703039        0.64577749        0.55627882
M/High/Prog/Prag        0.74626403        0.69464609        0.70065936        0.78350680        0.69499702        0.81866961        0.59381719        0.60675317        0.54522683        0.64277639        0.63738694        0.60886203        0.75212523        0.73442170        0.70559651        0.77085359        0.70841817        0.88519470        0.57479926        0.60007055        0.53880501        0.64776926        0.63275946        0.60947021
M/Low /Cons/Anal        0.63603197        0.57542389        0.63852679        0.57800248        0.53085063        0.58040894        0.81894677        0.65412759        0.72512818        0.63879922        0.57948695        0.67870075        0.67115786        0.58898305        0.65653272        0.57756663        0.53097912        0.57479926        0.87942575        0.72883243        0.77618888        0.67925638        0.59465546        0.70763530
M/Low /Cons/Empa        0.65580859        0.60376631        0.67150180        0.60081613        0.56640248        0.60995864        0.73881540        0.78861773        0.70221230        0.66032525        0.68523046        0.72475133        0.67769506        0.62890527        0.67004517        0.61033724        0.56283925        0.60007055        0.72883243        0.89042998        0.70627876        0.67649847        0.68280017        0.73224758
M/Low /Cons/Prag        0.60384188        0.55355403        0.61840299        0.53408078        0.49579311        0.53909029        0.78640463        0.64067755        0.79890475        0.60984550        0.55862925        0.67276963        0.63027687        0.55307176        0.63540043        0.53834896        0.49682461        0.53880501        0.77618888        0.70627876        0.86559043        0.62940141        0.57420493        0.70830767
M/Low /Prog/Anal        0.66454278        0.57958772        0.65447458        0.66863603        0.62226450        0.64730116        0.66555609        0.65355469        0.60400707        0.81788133        0.70420497        0.74654471        0.69307255        0.60571143        0.65733225        0.66442620        0.60703039        0.64776926        0.67925638        0.67649847        0.62940141        0.87611612        0.73387258        0.75616965
M/Low /Prog/Empa        0.62446759        0.60040823        0.60702236        0.66306867        0.65983394        0.63628844        0.59461583        0.70623066        0.56678192        0.74788629        0.80281428        0.72137387        0.63517482        0.62107052        0.59220889        0.65761697        0.64577749        0.63275946        0.59465546        0.68280017        0.57420493        0.73387258        0.85101868        0.69544623
M/Low /Prog/Prag        0.62803466        0.56170171        0.65243793        0.59968838        0.55309752        0.60479669        0.70522275        0.66821682        0.68075391        0.73545417        0.67157303        0.78332709        0.65068185        0.58115477        0.65399423        0.60236218        0.55627882        0.60947021        0.70763530        0.73224758        0.70830767        0.75616965        0.69544623        0.86727276
